%YAML:1.0
---
CameraMat: !!opencv-matrix
  rows: 3
  cols: 3
  dt: d
  data: [ 597.66545,    0.     ,  498.91928,
          0.     ,  599.28947,  283.03011,
          0.     ,    0.     ,    1.      ]
DistCoeff: !!opencv-matrix
  rows: 1
  cols: 5
  dt: d
  data: [0.103379, -0.140425, 0.000491, 0.006049, 0.000000]
ImageSize: [960, 540]

CameraExtrinsicMat: !!opencv-matrix
  rows: 4
  cols: 4
  dt: d
  #data13
  #   data: [-0.9986344311768205, -0.01096232567434333, 0.05107935281459359, -0.006354116935892731,
  #          0.0131556973770525, -0.9989968671685446, 0.04280405370939343, -0.01907406951303417,
  #          0.05055888146183132, 0.04341758633598667, 0.997776885231406, -0.06034854463493788,
  #           0., 0., 0., 1. ]
  data: [-0.01416872279733961, -0.9961038364041804, -0.08704248614995902,-0.09292116916630278,
      -0.2629062938989452, 0.08769953381414608, -0.9608272854145551,-0.06373665589863098,
      0.9647173305806285, 0.009270321982276952, -0.2631245583516128,1.876721816129084,
         0., 0., 0., 1.]

lidar2cam_R: !!opencv-matrix
  rows: 3
  cols: 3
  dt: d
  data: [-0.01416872279733961, -0.9961038364041804, -0.08704248614995902,
        -0.2629062938989452, 0.08769953381414608, -0.9608272854145551,
        0.9647173305806285, 0.009270321982276952, -0.2631245583516128]

lidar2cam_t: !!opencv-matrix
  rows: 3
  cols: 1
  dt: d
  data: [-0.09292116916630278,
           -0.06373665589863098,
           1.876721816129084]




