%YAML:1.0
---
CameraMat: !!opencv-matrix
  rows: 3
  cols: 3
  dt: d
  data: [ 580.47557,    0.     ,  300.06492,
          0.     ,  579.45146,  150.09219,
          0.     ,    0.     ,    1.      ]
DistCoeff: !!opencv-matrix
  rows: 1
  cols: 5
  dt: d
  data: [0.104524, -0.431738, -0.001128, -0.000957, 0.000000]
ImageSize: [640, 360]

CameraExtrinsicMat: !!opencv-matrix
  rows: 4
  cols: 4
  dt: d
  data: [-0.9983206119456766, 0.01496892462365229, 0.05596326527304603, -0.1057399889796644,
         -0.01131005452713131, -0.9978124214027778, 0.06513412593194563, 0.2602412990099754,
         0.05681582905320681, 0.06439179287717227, 0.9963060064955247, 2.733553559159446,
         0., 0., 0., 1.]

lidar2cam_R: !!opencv-matrix
  rows: 3
  cols: 3
  dt: d
  data: [-0.9983206119456766, 0.01496892462365229, 0.05596326527304603,
         -0.01131005452713131, -0.9978124214027778, 0.06513412593194563,
         0.05681582905320681, 0.06439179287717227, 0.9963060064955247]

lidar2cam_t: !!opencv-matrix
  rows: 3
  cols: 1
  dt: d
  data: [-0.1057399889796644,
         0.2602412990099754,
         2.733553559159446]

#  data: [-0.9992330546173019, 0.006482482241804739, 0.03861709445518705, 0.03583588113469682,
#         -0.003919173856211704, -0.9978061596984957, 0.06608712237663944, 0.2106438423006867,
#         0.0389607833142628, 0.06588509005628523, 0.9970663028464124, 3.56885526700087,
#         0., 0., 0., 1.]
#
#lidar2cam_R: !!opencv-matrix
#  rows: 3
#  cols: 3
#  dt: d
#  data: [-0.9992330546173019, 0.006482482241804739, 0.03861709445518705,
#         -0.003919173856211704, -0.9978061596984957, 0.06608712237663944,
#         0.0389607833142628, 0.06588509005628523, 0.9970663028464124]
#
#lidar2cam_t: !!opencv-matrix
#  rows: 3
#  cols: 1
#  dt: d
#  data: [0.03583588113469682,
#         0.2106438423006867,
#         3.56885526700087]